./dataimages/Frame00009.jpg 1608,366,1919,522,0 
./dataimages/Frame00022.jpg 553,310,1474,675,0 
./dataimages/Frame00026.jpg 1,4,1918,1024,0 
./dataimages/Frame0003.jpg 711,285,1168,491,0 
./dataimages/Frame00059.jpg 1806,381,1916,432,0 
./dataimages/Frame00090.jpg 0,55,1919,618,0 
./dataimages/Frame00093.jpg 368,140,1659,684,0 
./dataimages/Frame00098.jpg 844,398,943,454,0 264,400,484,453,0 0,399,280,449,0 
./dataimages/Frame00103.jpg 197,401,505,479,0 943,405,1072,473,0 
./dataimages/Frame00111.jpg 0,11,1919,752,0 
./dataimages/Frame00119.jpg 555,230,1484,640,0 
./dataimages/Frame00125.jpg 904,408,1114,509,0 0,403,249,490,0 
./dataimages/Frame0017.jpg 506,154,1524,610,0 
./dataimages/Frame0030.jpg 0,4,1919,619,0 
./dataimages/Frame0036.jpg 1004,386,1114,440,0 1315,383,1485,440,0 1641,381,1920,432,0 
./dataimages/Frame0042.jpg 945,405,1053,460,0 317,398,553,454,0 1,399,334,450,0 
./dataimages/Frame0051.jpg 0,4,1919,615,0 
./dataimages/Frame0067.jpg 854,368,1173,520,0 1572,381,1919,516,0 
./dataimages/Frame0073.jpg 609,275,1426,639,0 
./dataimages/Frame0082.jpg 0,7,1919,556,0 
./dataimages/Frame2019-05-12-16h09m55s198.jpg 979,136,1209,228,0 1535,155,1575,262,0 553,126,874,188,0 
./dataimages/Frame2019-05-12-16h11m02s871.jpg 1380,149,1468,196,0 1140,139,1221,181,0 837,125,974,163,0 
./dataimages/Frame2019-05-12-16h12m38s976.jpg 0,10,779,846,0 1229,131,1919,308,0 
./dataimages/Frame2019-05-12-16h14m00s400.jpg 382,104,802,209,0 1,101,442,176,0 1446,0,1870,608,0 
./dataimages/Frame2019-05-12-16h15m09s694.jpg 1449,1,1920,610,0 
./dataimages/Frame2019-05-12-16h16m22s463.jpg 1450,1,1875,611,0 394,109,808,211,0 1,99,438,181,0 
./dataimages/Frame2019-05-12-16h19m14s285.jpg 3,5,1919,1079,0 
./dataimages/Frame2019-05-12-16h24m20s601.jpg 1443,1,1914,680,0 
./dataimages/Frame2019-05-12-16h28m07s993.jpg 1474,175,1573,216,0 1209,166,1303,210,0 912,161,1045,194,0 
./dataimages/Frame2019-05-12-16h28m47s348.jpg 39,140,239,187,0 
./dataimages/Frame2019-05-12-16h31m09s845.jpg 0,16,1919,1077,0 
./dataimages/Frame2019-05-12-16h31m52s340.jpg 90,9,1918,1080,0 
./dataimages/Frame2019-05-12-16h33m49s034.jpg 1,6,673,791,0 1310,191,1920,316,0 
./dataimages/Frame2019-05-12-16h39m03s270.jpg 353,151,445,184,0 532,147,664,187,0 0,135,42,163,0 
./dataimages/Frame2019-05-12-16h41m05s810.jpg 851,170,1056,214,0 1203,177,1342,232,0 1574,191,1612,238,0 
./dataimages/Frame2019-05-12-16h45m29s977.jpg 254,5,1920,1079,0 
./dataimages/Frame2019-05-12-19h16m45s649.jpg 804,259,844,296,0 1,7,505,679,0 
./dataimages/Frame2019-05-12-19h17m54s451.jpg 0,5,505,684,0 
./dataimages/Frame2019-05-12-19h18m35s081.jpg 1,6,505,682,0 1084,203,1920,413,0 
./dataimages/Frame2019-05-12-19h22m34s012.jpg 1,6,1918,1080,0 
./dataimages/Frame2019-05-12-19h23m05s857.jpg 3,7,1758,1080,0 
./dataimages/Frame2019-05-12-19h23m28s229.jpg 1,4,500,672,0 1615,230,1920,372,0 
./dataimages/Frame2019-05-12-19h25m36s202.jpg 536,264,723,335,0 
./dataimages/Frame2019-05-12-19h30m24s938.jpg 1134,253,1239,287,0 
./dataimages/Frame2019-05-12-19h32m28s424.jpg 3,7,1919,1023,0 
./dataimages/Frame2019-05-12-19h35m24s701.jpg 0,9,493,670,0 786,254,841,289,0 
./dataimages/Frame2019-05-12-19h37m42s120.jpg 1,6,490,685,0 1732,180,1920,334,0 
./dataimages/Frame2019-05-12-19h38m35s981.jpg 1,4,493,686,0 1015,209,1725,399,0 
./dataimages/Frame2019-05-12-19h52m00s368.jpg 1,8,406,691,0 778,246,1100,320,0 708,259,822,308,0 
./dataimages/Frame2019-05-12-19h53m01s268.jpg 0,5,1919,925,0 
