./dataimages2/Frame2019-05-28-15h12m17s255.jpg 0,163,383,418,0 
./dataimages2/Frame2019-05-28-15h12m39s443.jpg 0,242,181,332,0 
./dataimages2/Frame2019-05-28-15h14m12s636.jpg 288,254,407,288,0 456,252,573,291,0 823,252,897,285,0 
./dataimages2/Frame2019-05-28-15h14m21s418.jpg 1527,238,1628,277,0 1080,242,1211,285,0 878,247,1060,285,0 
./dataimages2/Frame2019-05-28-15h15m47s079.jpg 1504,228,1699,288,0 1252,234,1491,286,0 
./dataimages2/Frame2019-05-28-15h16m01s311.jpg 1619,225,1920,304,0 1321,236,1635,292,0 
./dataimages2/Frame2019-05-28-15h16m10s426.jpg 1046,232,1536,341,0 900,253,1062,319,0 
./dataimages2/Frame2019-05-28-15h16m41s105.jpg 816,237,1331,351,0 739,247,873,318,0 
./dataimages2/Frame2019-05-28-15h16m47s786.jpg 645,243,1197,358,0 
./dataimages2/Frame2019-05-28-15h17m10s304.jpg 587,242,1167,359,0 
./dataimages2/Frame2019-05-28-15h17m20s619.jpg 1,1,1918,1078,0 
./dataimages2/Frame2019-05-28-15h17m51s069.jpg 0,1,1919,1080,0 
./dataimages2/Frame2019-05-28-15h18m11s869.jpg 459,231,1122,366,0 
./dataimages2/Frame2019-05-28-15h20m40s193.jpg 1320,247,1597,291,0 1598,233,1824,293,0 
./dataimages2/Frame2019-05-28-15h21m08s150.jpg 751,248,1273,366,0 677,257,841,333,0 
./dataimages2/Frame2019-05-28-15h24m01s297.jpg 1,1,1918,1080,0 
./dataimages2/Frame2019-05-28-15h24m04s851.jpg 0,1,1919,1080,0 
./dataimages2/Frame2019-05-28-15h24m24s146.jpg 1,2,1918,1080,0 
./dataimages2/Frame2019-05-28-15h24m33s865.jpg 0,3,1240,713,0 
./dataimages2/Frame2019-05-28-15h25m28s229.jpg 0,6,1919,490,0 
./dataimages2/Frame2019-05-28-15h25m34s044.jpg 601,226,1179,355,0 
./dataimages2/Frame2019-05-28-15h25m37s481.jpg 1136,237,1602,339,0 958,245,1270,318,0 
./dataimages2/Frame2019-05-28-15h25m48s773.jpg 0,182,383,427,0 
./dataimages2/Frame2019-05-28-15h26m04s038.jpg 807,251,1002,302,0 1677,212,1920,299,0 
./dataimages2/Frame2019-05-28-15h26m09s251.jpg 438,253,571,314,0 1125,223,1603,336,0 
./dataimages2/Frame2019-05-28-15h26m12s566.jpg 81,256,333,323,0 646,231,1189,359,0 
./dataimages2/Frame2019-05-28-15h26m18s116.jpg 589,227,1136,352,0 43,257,307,308,0 
./dataimages2/Frame2019-05-28-15h28m24s202.jpg 252,224,597,353,0 4,260,197,322,0 590,13,1917,1080,0 
./dataimages2/Frame2019-05-28-15h28m33s768.jpg 0,2,1919,1002,0 
./dataimages2/Frame2019-05-28-15h28m39s776.jpg 0,0,1360,747,0 
./dataimages2/Frame2019-05-28-15h30m00s760.jpg 896,246,1069,291,0 
./dataimages2/Frame2019-05-28-15h30m53s586.jpg 83,223,423,283,0 
./dataimages2/Frame2019-05-28-15h31m07s401.jpg 1,211,507,353,0 444,246,856,319,0 
./dataimages2/Frame2019-05-28-15h31m34s187.jpg 735,251,1016,328,0 89,213,827,382,0 
./dataimages2/Frame2019-05-28-15h31m40s350.jpg 1372,227,1920,443,0 940,258,1526,341,0 
./dataimages2/Frame2019-05-28-15h32m28s602.jpg 0,4,1919,576,0 
./dataimages2/Frame2019-05-28-15h32m41s708.jpg 1360,1,1920,426,0 
./dataimages2/Frame2019-05-28-15h32m48s990.jpg 1267,241,1920,386,0 
./dataimages2/Frame2019-05-28-15h33m29s961.jpg 206,217,981,399,0 917,261,1079,333,0 
./dataimages2/Frame2019-05-28-15h33m34s906.jpg 500,193,1344,392,0 0,2,455,438,0 
./dataimages2/Frame2019-05-28-15h33m38s196.jpg 0,1,1919,1038,0 
./dataimages2/Frame2019-05-28-15h35m11s300.jpg 165,226,470,280,0 
./dataimages2/Frame2019-05-28-15h35m16s702.jpg 166,213,932,394,0 897,255,1047,331,0 
./dataimages2/Frame2019-05-28-15h35m21s272.jpg 399,213,1221,418,0 
./dataimages2/Frame2019-05-28-15h35m38s849.jpg 1192,255,1920,305,0 
./dataimages2/Frame2019-05-28-15h36m00s809.jpg 1,1,769,629,0 
./dataimages2/Frame2019-05-28-15h36m10s839.jpg 0,4,1919,727,0 
./dataimages2/Frame2019-05-28-15h37m05s979.jpg 0,0,729,607,0 
./dataimages2/Frame2019-05-28-15h37m13s865.jpg 278,291,741,408,0 
./dataimages2/Frame2019-05-28-15h37m22s794.jpg 111,263,596,447,0 1095,298,1662,396,0 
