./dataimages/Frame00001.jpg 1474,384,1645,434,0 1828,379,1920,419,0 
./dataimages/Frame00002.jpg 1420,384,1575,435,0 1754,383,1917,424,0 
./dataimages/Frame00003.jpg 1368,384,1535,438,0 1696,383,1920,431,0 
./dataimages/Frame00004.jpg 1325,385,1501,439,0 1650,382,1918,432,0 
./dataimages/Frame00005.jpg 1308,383,1489,440,0 1629,385,1920,431,0 
./dataimages/Frame00006.jpg 1374,380,1676,473,0 1748,399,1918,447,0 
./dataimages/Frame00007.jpg 1424,386,1818,487,0 1823,406,1920,455,0 
./dataimages/Frame00008.jpg 1468,372,1920,499,0 
./dataimages/Frame00009.jpg 1608,366,1919,522,0 
./dataimages/Frame0001.jpg 715,276,1168,489,0 
./dataimages/Frame00014.jpg 1,407,339,460,0 308,406,526,455,0 898,405,995,456,0 
./dataimages/Frame00015.jpg 945,405,1075,472,0 164,414,485,476,0 0,416,205,468,0 
./dataimages/Frame00016.jpg 1,417,310,510,0 910,415,1102,501,0 
./dataimages/Frame00017.jpg 709,346,1311,610,0 
./dataimages/Frame00018.jpg 675,349,1345,630,0 
./dataimages/Frame00019.jpg 645,345,1375,641,0 
./dataimages/Frame0002.jpg 710,283,1168,489,0 
./dataimages/Frame00020.jpg 593,329,1429,661,0 
./dataimages/Frame00022.jpg 553,310,1474,675,0 
./dataimages/Frame00024.jpg 19,99,1919,767,0 
./dataimages/Frame00025.jpg 0,45,1919,676,0 
./dataimages/Frame00026.jpg 1,4,1918,1024,0 
./dataimages/Frame00029.jpg 0,49,1919,636,0 
./dataimages/Frame0003.jpg 711,285,1168,491,0 
./dataimages/Frame00030.jpg 3,45,1919,614,0 
./dataimages/Frame00031.jpg 0,43,1919,759,0 
./dataimages/Frame0004.jpg 935,314,1073,383,0 1670,333,1920,384,0 
./dataimages/Frame0005.jpg 928,316,1075,394,0 1694,340,1920,388,0 
./dataimages/Frame00058.jpg 1850,385,1917,419,0 
./dataimages/Frame00059.jpg 1806,381,1916,432,0 
./dataimages/Frame0006.jpg 921,325,1085,396,0 1718,342,1920,396,0 
./dataimages/Frame00060.jpg 890,373,993,505,0 
./dataimages/Frame00061.jpg 880,368,984,513,0 
./dataimages/Frame00063.jpg 878,364,1000,513,0 
./dataimages/Frame0007.jpg 776,262,1249,502,0 
./dataimages/Frame0008.jpg 743,235,1289,515,0 
./dataimages/Frame0009.jpg 674,234,1355,543,0 
./dataimages/Frame00090.jpg 0,55,1919,618,0 
./dataimages/Frame00091.jpg 1,6,1918,1080,0 
./dataimages/Frame00092.jpg 227,92,1807,721,0 
./dataimages/Frame00093.jpg 368,140,1659,684,0 
./dataimages/Frame00094.jpg 565,251,1450,642,0 
./dataimages/Frame00095.jpg 583,281,1444,653,0 
./dataimages/Frame00096.jpg 930,406,1078,481,0 71,400,444,476,0 0,405,138,460,0 
./dataimages/Frame00097.jpg 1,399,330,454,0 290,399,544,459,0 944,398,1054,456,0 
./dataimages/Frame00098.jpg 844,398,943,454,0 264,400,484,453,0 0,399,280,449,0 
./dataimages/Frame00099.jpg 693,398,787,455,0 98,398,319,454,0 0,405,102,444,0 
./dataimages/Frame0010.jpg 655,220,1380,555,0 
./dataimages/Frame00100.jpg 320,392,433,449,0 
./dataimages/Frame00101.jpg 283,407,544,470,0 951,410,1067,466,0 
./dataimages/Frame00102.jpg 262,404,534,472,0 950,406,1072,469,0 
./dataimages/Frame00103.jpg 197,401,505,479,0 943,405,1072,473,0 
./dataimages/Frame00104.jpg 142,401,534,501,0 1059,405,1225,494,0 
./dataimages/Frame00105.jpg 304,419,708,507,0 1284,419,1552,511,0 
./dataimages/Frame00106.jpg 995,401,1428,534,0 
./dataimages/Frame0011.jpg 630,225,1397,566,0 
./dataimages/Frame00110.jpg 3,5,1919,1079,0 
./dataimages/Frame00111.jpg 0,11,1919,752,0 
./dataimages/Frame00112.jpg 0,14,1919,752,0 
./dataimages/Frame00113.jpg 0,9,1919,1078,0 
./dataimages/Frame00114.jpg 1,5,1918,1080,0 
./dataimages/Frame00115.jpg 0,5,1919,814,0 
./dataimages/Frame00116.jpg 309,122,1752,709,0 
./dataimages/Frame00117.jpg 430,174,1616,671,0 
./dataimages/Frame00118.jpg 483,191,1564,664,0 
./dataimages/Frame00119.jpg 555,230,1484,640,0 
./dataimages/Frame0012.jpg 618,209,1421,561,0 
./dataimages/Frame00120.jpg 543,257,1496,665,0 
./dataimages/Frame00121.jpg 363,400,598,495,0 
./dataimages/Frame00122.jpg 1189,420,1405,507,0 235,401,635,499,0 
./dataimages/Frame00123.jpg 114,394,485,480,0 988,406,1135,481,0 
./dataimages/Frame00124.jpg 187,393,496,467,0 935,399,1063,472,0 
./dataimages/Frame00125.jpg 904,408,1114,509,0 0,403,249,490,0 
./dataimages/Frame00126.jpg 626,301,1411,652,0 
./dataimages/Frame00127.jpg 548,274,1488,684,0 
./dataimages/Frame00128.jpg 3,4,1919,562,0 
./dataimages/Frame00129.jpg 0,34,1919,632,0 
./dataimages/Frame0013.jpg 598,199,1444,582,0 
./dataimages/Frame0014.jpg 550,179,1479,590,0 
./dataimages/Frame0015.jpg 514,166,1520,603,0 
./dataimages/Frame0016.jpg 500,160,1529,609,0 
./dataimages/Frame0017.jpg 506,154,1524,610,0 
./dataimages/Frame0018.jpg 507,144,1522,595,0 
./dataimages/Frame0019.jpg 510,126,1522,581,0 
./dataimages/Frame0020.jpg 510,117,1522,570,0 
./dataimages/Frame0022.jpg 473,90,1554,571,0 
./dataimages/Frame0023.jpg 469,90,1568,571,0 
./dataimages/Frame0024.jpg 0,2,1919,693,0 
./dataimages/Frame0025.jpg 0,1,1919,616,0 
./dataimages/Frame0026.jpg 1,4,1918,633,0 
./dataimages/Frame0027.jpg 1,6,1918,569,0 
./dataimages/Frame0028.jpg 1,6,1918,729,0 
./dataimages/Frame0029.jpg 0,3,1919,1013,0 
./dataimages/Frame0030.jpg 0,4,1919,619,0 
./dataimages/Frame0032.jpg 1637,381,1919,429,0 
./dataimages/Frame0033.jpg 1663,385,1920,433,0 
./dataimages/Frame0035.jpg 1028,389,1157,450,0 1396,379,1635,450,0 1764,388,1919,434,0 
./dataimages/Frame0036.jpg 1004,386,1114,440,0 1315,383,1485,440,0 1641,381,1920,432,0 
./dataimages/Frame0037.jpg 996,385,1108,440,0 1325,382,1509,441,0 1659,381,1919,429,0 
./dataimages/Frame0038.jpg 1023,386,1158,449,0 1395,381,1633,450,0 1764,384,1919,434,0 
./dataimages/Frame0039.jpg 697,405,790,449,0 105,395,324,450,0 0,402,100,442,0 
./dataimages/Frame0040.jpg 1,400,238,449,0 230,403,443,450,0 812,410,903,455,0 
./dataimages/Frame0041.jpg 881,408,983,455,0 295,396,515,453,0 1,395,315,450,0 
./dataimages/Frame0042.jpg 945,405,1053,460,0 317,398,553,454,0 1,399,334,450,0 
./dataimages/Frame0043.jpg 2,401,422,483,0 933,417,1085,485,0 
./dataimages/Frame0044.jpg 684,321,1358,630,0 
./dataimages/Frame0045.jpg 642,310,1397,649,0 
./dataimages/Frame0046.jpg 549,280,1498,684,0 
./dataimages/Frame0047.jpg 549,284,1495,686,0 
./dataimages/Frame0048.jpg 547,284,1492,685,0 
./dataimages/Frame0049.jpg 1,5,1918,748,0 
./dataimages/Frame0050.jpg 3,9,1919,746,0 
./dataimages/Frame0051.jpg 0,4,1919,615,0 
./dataimages/Frame0052.jpg 0,9,1919,644,0 
./dataimages/Frame0053.jpg 0,9,1919,646,0 
./dataimages/Frame0054.jpg 0,9,1919,1079,0 
./dataimages/Frame0055.jpg 0,4,1919,953,0 
./dataimages/Frame0056.jpg 3,5,1919,1079,0 
./dataimages/Frame0062.jpg 853,369,1174,522,0 1568,412,1661,491,0 
./dataimages/Frame0064.jpg 853,366,1174,523,0 
./dataimages/Frame0065.jpg 855,372,1172,524,0 
./dataimages/Frame0066.jpg 854,369,1175,525,0 1565,390,1837,512,0 
./dataimages/Frame0067.jpg 854,368,1173,520,0 1572,381,1919,516,0 
./dataimages/Frame0068.jpg 853,363,1179,524,0 1580,374,1918,516,0 
./dataimages/Frame0069.jpg 829,352,1203,540,0 1639,374,1919,502,0 
./dataimages/Frame0070.jpg 774,332,1263,570,0 1728,369,1919,514,0 
./dataimages/Frame0071.jpg 664,294,1370,618,0 1848,370,1920,444,0 
./dataimages/Frame0072.jpg 635,294,1395,629,0 
./dataimages/Frame0073.jpg 609,275,1426,639,0 
./dataimages/Frame0074.jpg 550,269,1477,665,0 
./dataimages/Frame0075.jpg 556,250,1474,647,0 
./dataimages/Frame0076.jpg 554,220,1473,622,0 
./dataimages/Frame0077.jpg 213,66,1809,704,0 
./dataimages/Frame0078.jpg 0,9,1919,828,0 
./dataimages/Frame0079.jpg 0,7,1919,827,0 
./dataimages/Frame0080.jpg 3,7,1917,1080,0 
./dataimages/Frame0082.jpg 0,7,1919,556,0 
./dataimages/Frame0083.jpg 0,62,1919,748,0 
./dataimages/Frame0084.jpg 0,56,1919,631,0 
./dataimages/Frame0085.jpg 1,5,1918,794,0 
./dataimages/Frame0086.jpg 0,6,1919,919,0 
./dataimages/Frame2019-05-12-16h06m14s936.jpg 1429,0,1918,666,0 
./dataimages/Frame2019-05-12-16h06m27s232.jpg 1432,1,1917,670,0 
./dataimages/Frame2019-05-12-16h06m45s191.jpg 1425,0,1920,666,0 
./dataimages/Frame2019-05-12-16h06m53s604.jpg 1430,0,1917,669,0 
./dataimages/Frame2019-05-12-16h07m01s188.jpg 1428,2,1919,671,0 
./dataimages/Frame2019-05-12-16h07m19s288.jpg 1438,0,1916,666,0 
./dataimages/Frame2019-05-12-16h07m38s577.jpg 1426,1,1917,679,0 
./dataimages/Frame2019-05-12-16h08m16s818.jpg 1432,1,1917,673,0 
./dataimages/Frame2019-05-12-16h08m45s934.jpg 1437,3,1920,676,0 
./dataimages/Frame2019-05-12-16h09m55s198.jpg 979,136,1209,228,0 1535,155,1575,262,0 553,126,874,188,0 
./dataimages/Frame2019-05-12-16h10m06s864.jpg 534,129,865,189,0 1520,150,1556,259,0 968,131,1198,226,0 
./dataimages/Frame2019-05-12-16h10m14s753.jpg 540,131,864,194,0 969,141,1195,223,0 1515,156,1566,256,0 
./dataimages/Frame2019-05-12-16h10m22s738.jpg 626,130,909,186,0 1038,145,1229,215,0 1516,158,1555,240,0 
./dataimages/Frame2019-05-12-16h10m29s045.jpg 843,140,1030,184,0 1185,154,1305,204,0 
./dataimages/Frame2019-05-12-16h10m45s578.jpg 875,132,1017,169,0 1176,146,1257,185,0 1429,156,1517,196,0 
./dataimages/Frame2019-05-12-16h10m47s971.jpg 1382,151,1464,191,0 1140,139,1218,178,0 843,129,973,163,0 
./dataimages/Frame2019-05-12-16h11m02s871.jpg 1380,149,1468,196,0 1140,139,1221,181,0 837,125,974,163,0 
./dataimages/Frame2019-05-12-16h11m10s356.jpg 787,126,916,161,0 1082,142,1156,176,0 1313,149,1393,165,0 
./dataimages/Frame2019-05-12-16h11m18s632.jpg 371,110,495,141,0 708,125,784,159,0 
./dataimages/Frame2019-05-12-16h11m27s725.jpg 178,96,308,136,0 559,121,635,156,0 730,123,836,142,0 
./dataimages/Frame2019-05-12-16h12m15s904.jpg 38,70,780,240,0 
./dataimages/Frame2019-05-12-16h12m21s308.jpg 505,100,1128,261,0 
./dataimages/Frame2019-05-12-16h12m26s659.jpg 1108,130,1867,299,0 
./dataimages/Frame2019-05-12-16h12m34s939.jpg 1123,111,1895,294,0 
./dataimages/Frame2019-05-12-16h12m38s976.jpg 0,10,779,846,0 1229,131,1919,308,0 
./dataimages/Frame2019-05-12-16h12m47s976.jpg 1,4,1205,951,0 1233,152,1920,284,0 
./dataimages/Frame2019-05-12-16h12m51s939.jpg 1,6,1918,1080,0 
./dataimages/Frame2019-05-12-16h12m58s018.jpg 0,4,1919,1078,0 
./dataimages/Frame2019-05-12-16h13m04s403.jpg 0,3,1919,855,0 
./dataimages/Frame2019-05-12-16h13m26s306.jpg 0,5,1919,795,0 
./dataimages/Frame2019-05-12-16h13m32s463.jpg 0,4,1919,1007,0 
./dataimages/Frame2019-05-12-16h13m37s665.jpg 0,1,1919,1080,0 
./dataimages/Frame2019-05-12-16h14m00s400.jpg 382,104,802,209,0 1,101,442,176,0 1446,0,1870,608,0 
./dataimages/Frame2019-05-12-16h14m05s878.jpg 1,97,435,177,0 385,110,800,211,0 1453,1,1882,605,0 
./dataimages/Frame2019-05-12-16h14m31s820.jpg 1453,0,1854,610,0 378,99,802,210,0 3,102,421,179,0 
./dataimages/Frame2019-05-12-16h14m55s867.jpg 1439,1,1920,670,0 
./dataimages/Frame2019-05-12-16h15m02s089.jpg 1440,1,1920,675,0 
./dataimages/Frame2019-05-12-16h15m04s613.jpg 1429,3,1918,666,0 
./dataimages/Frame2019-05-12-16h15m07s965.jpg 1440,3,1920,664,0 
./dataimages/Frame2019-05-12-16h15m09s694.jpg 1449,1,1920,610,0 
./dataimages/Frame2019-05-12-16h15m21s404.jpg 1,72,188,232,0 1451,0,1870,606,0 
./dataimages/Frame2019-05-12-16h15m27s659.jpg 0,78,402,219,0 1448,0,1882,609,0 
./dataimages/Frame2019-05-12-16h15m36s917.jpg 1444,0,1855,611,0 74,85,657,219,0 0,86,222,179,0 
./dataimages/Frame2019-05-12-16h16m05s742.jpg 3,97,436,181,0 380,99,800,213,0 1453,1,1858,606,0 
./dataimages/Frame2019-05-12-16h16m10s820.jpg 0,102,443,180,0 384,99,803,205,0 1443,0,1866,609,0 
./dataimages/Frame2019-05-12-16h16m19s086.jpg 1433,1,1919,670,0 
./dataimages/Frame2019-05-12-16h16m22s463.jpg 1450,1,1875,611,0 394,109,808,211,0 1,99,438,181,0 
./dataimages/Frame2019-05-12-16h16m28s250.jpg 941,131,1331,230,0 417,104,943,179,0 
./dataimages/Frame2019-05-12-16h16m45s787.jpg 1289,132,1773,251,0 789,128,1291,186,0 
./dataimages/Frame2019-05-12-16h16m50s751.jpg 1305,147,1920,210,0 
./dataimages/Frame2019-05-12-16h18m49s700.jpg 1,7,565,1024,0 
./dataimages/Frame2019-05-12-16h18m54s147.jpg 1,4,570,1023,0 
./dataimages/Frame2019-05-12-16h19m00s147.jpg 0,3,1098,1077,0 
./dataimages/Frame2019-05-12-16h19m05s113.jpg 3,9,1918,1080,0 
./dataimages/Frame2019-05-12-16h19m14s285.jpg 3,5,1919,1079,0 
./dataimages/Frame2019-05-12-16h19m20s730.jpg 1,5,1918,1080,0 
./dataimages/Frame2019-05-12-16h19m30s140.jpg 1,6,1918,1080,0 
./dataimages/Frame2019-05-12-16h19m38s456.jpg 153,5,1920,1078,0 
./dataimages/Frame2019-05-12-16h19m40s079.jpg 528,5,1920,1075,0 
./dataimages/Frame2019-05-12-16h19m52s946.jpg 1444,1,1920,671,0 
./dataimages/Frame2019-05-12-16h19m59s985.jpg 1444,4,1920,673,0 
./dataimages/Frame2019-05-12-16h24m20s601.jpg 1443,1,1914,680,0 
./dataimages/Frame2019-05-12-16h24m24s897.jpg 1440,3,1919,679,0 
./dataimages/Frame2019-05-12-16h24m30s592.jpg 1437,3,1920,686,0 
./dataimages/Frame2019-05-12-16h24m42s717.jpg 1442,3,1920,686,0 
./dataimages/Frame2019-05-12-16h27m36s199.jpg 586,164,899,222,0 1002,165,1229,252,0 1568,171,1604,272,0 
./dataimages/Frame2019-05-12-16h27m43s378.jpg 1568,176,1604,274,0 1003,164,1238,252,0 579,167,906,222,0 
./dataimages/Frame2019-05-12-16h27m47s444.jpg 606,162,910,225,0 1018,171,1244,249,0 1569,176,1603,265,0 
./dataimages/Frame2019-05-12-16h27m53s294.jpg 796,176,1015,218,0 1161,180,1320,236,0 1566,190,1611,255,0 
./dataimages/Frame2019-05-12-16h28m00s270.jpg 939,161,1105,203,0 1261,171,1378,214,0 1575,177,1609,224,0 
./dataimages/Frame2019-05-12-16h28m07s993.jpg 1474,175,1573,216,0 1209,166,1303,210,0 912,161,1045,194,0 
./dataimages/Frame2019-05-12-16h28m13s906.jpg 765,167,890,191,0 1053,170,1128,204,0 1262,171,1360,206,0 
./dataimages/Frame2019-05-12-16h28m27s078.jpg 313,151,430,184,0 660,165,729,192,0 819,165,925,198,0 
./dataimages/Frame2019-05-12-16h28m35s197.jpg 0,142,93,179,0 388,154,475,188,0 558,164,689,190,0 
./dataimages/Frame2019-05-12-16h28m40s819.jpg 235,150,336,188,0 420,158,568,189,0 
./dataimages/Frame2019-05-12-16h28m47s348.jpg 39,140,239,187,0 
./dataimages/Frame2019-05-12-16h29m38s249.jpg 0,9,213,578,0 1224,198,1919,360,0 
./dataimages/Frame2019-05-12-16h30m00s210.jpg 1,3,200,524,0 1224,182,1920,339,0 
./dataimages/Frame2019-05-12-16h30m10s711.jpg 1,5,294,581,0 1260,182,1919,341,0 
./dataimages/Frame2019-05-12-16h31m09s845.jpg 0,16,1919,1077,0 
./dataimages/Frame2019-05-12-16h31m23s133.jpg 1,11,1918,1080,0 
./dataimages/Frame2019-05-12-16h31m27s764.jpg 4,4,1920,943,0 
./dataimages/Frame2019-05-12-16h31m37s441.jpg 28,5,1920,1077,0 
./dataimages/Frame2019-05-12-16h31m52s340.jpg 90,9,1918,1080,0 
./dataimages/Frame2019-05-12-16h33m21s145.jpg 198,6,1918,1080,0 
./dataimages/Frame2019-05-12-16h33m29s484.jpg 3,4,1919,935,0 
./dataimages/Frame2019-05-12-16h33m35s624.jpg 3,6,1919,930,0 
./dataimages/Frame2019-05-12-16h33m42s642.jpg 0,9,1914,1080,0 
./dataimages/Frame2019-05-12-16h33m49s034.jpg 1,6,673,791,0 1310,191,1920,316,0 
./dataimages/Frame2019-05-12-16h34m13s322.jpg 1,8,303,594,0 1261,182,1918,342,0 
./dataimages/Frame2019-05-12-16h34m24s118.jpg 1,10,190,495,0 1224,176,1919,326,0 
./dataimages/Frame2019-05-12-16h36m19s819.jpg 1217,184,1919,339,0 
./dataimages/Frame2019-05-12-16h38m47s213.jpg 920,179,1414,299,0 
./dataimages/Frame2019-05-12-16h39m00s587.jpg 137,134,265,176,0 342,140,502,176,0 
./dataimages/Frame2019-05-12-16h39m03s270.jpg 353,151,445,184,0 532,147,664,187,0 0,135,42,163,0 
./dataimages/Frame2019-05-12-16h39m06s412.jpg 261,136,374,174,0 618,150,692,190,0 784,154,890,196,0 
./dataimages/Frame2019-05-12-16h39m10s412.jpg 664,150,748,189,0 963,162,1028,196,0 1144,165,1248,203,0 
./dataimages/Frame2019-05-12-16h39m12s870.jpg 810,157,932,193,0 1102,169,1172,204,0 1314,173,1412,207,0 
./dataimages/Frame2019-05-12-16h39m17s229.jpg 1516,180,1615,213,0 1238,164,1348,208,0 940,166,1085,192,0 
./dataimages/Frame2019-05-12-16h39m20s105.jpg 1573,176,1613,215,0 1275,172,1379,211,0 955,162,1116,199,0 
./dataimages/Frame2019-05-12-16h41m05s810.jpg 851,170,1056,214,0 1203,177,1342,232,0 1574,191,1612,238,0 
./dataimages/Frame2019-05-12-16h41m12s943.jpg 653,159,954,213,0 1059,167,1270,241,0 1573,176,1613,274,0 
./dataimages/Frame2019-05-12-16h41m30s804.jpg 775,165,1084,221,0 1189,164,1450,256,0 1842,179,1884,289,0 
./dataimages/Frame2019-05-12-16h42m03s581.jpg 1,106,750,356,0 1508,4,1918,626,0 
./dataimages/Frame2019-05-12-16h45m11s948.jpg 1514,2,1920,627,0 
./dataimages/Frame2019-05-12-16h45m18s782.jpg 1509,3,1920,627,0 
./dataimages/Frame2019-05-12-16h45m29s977.jpg 254,5,1920,1079,0 
./dataimages/Frame2019-05-12-16h45m34s379.jpg 0,7,933,856,0 
./dataimages/Frame2019-05-12-16h45m41s238.jpg 1,6,286,595,0 
./dataimages/Frame2019-05-12-16h45m50s593.jpg 0,7,198,510,0 
./dataimages/Frame2019-05-12-16h46m13s159.jpg 1,13,200,564,0 
./dataimages/Frame2019-05-12-16h46m23s118.jpg 0,6,189,517,0 1269,149,1920,328,0 
./dataimages/Frame2019-05-12-16h46m30s710.jpg 0,5,1919,1078,0 
./dataimages/Frame2019-05-12-19h16m40s796.jpg 0,5,503,683,0 759,255,825,299,0 
./dataimages/Frame2019-05-12-19h16m45s649.jpg 804,259,844,296,0 1,7,505,679,0 
./dataimages/Frame2019-05-12-19h17m08s729.jpg 1344,242,1473,282,0 1,6,500,681,0 
./dataimages/Frame2019-05-12-19h17m36s333.jpg 1367,242,1495,282,0 1,9,510,681,0 
./dataimages/Frame2019-05-12-19h17m40s433.jpg 0,8,503,685,0 1679,235,1865,279,0 
./dataimages/Frame2019-05-12-19h17m43s222.jpg 1,8,507,683,0 
./dataimages/Frame2019-05-12-19h17m46s589.jpg 0,4,508,683,0 
./dataimages/Frame2019-05-12-19h17m54s451.jpg 0,5,505,684,0 
./dataimages/Frame2019-05-12-19h18m06s019.jpg 1,9,505,679,0 
./dataimages/Frame2019-05-12-19h18m22s659.jpg 1,9,510,693,0 
./dataimages/Frame2019-05-12-19h18m31s030.jpg 0,6,508,679,0 
./dataimages/Frame2019-05-12-19h18m35s081.jpg 1,6,505,682,0 1084,203,1920,413,0 
./dataimages/Frame2019-05-12-19h18m38s223.jpg 1269,205,1920,469,0 0,4,501,680,0 
./dataimages/Frame2019-05-12-19h18m47s361.jpg 0,6,498,683,0 1045,214,1827,403,0 
./dataimages/Frame2019-05-12-19h18m49s507.jpg 3,4,503,679,0 1013,219,1707,395,0 
./dataimages/Frame2019-05-12-19h18m53s590.jpg 0,7,503,675,0 971,225,1563,382,0 1819,241,1919,290,0 
./dataimages/Frame2019-05-12-19h18m58s989.jpg 1,7,510,679,0 952,228,1519,383,0 1785,251,1920,294,0 
./dataimages/Frame2019-05-12-19h19m09s195.jpg 1,7,505,681,0 936,231,1473,375,0 1761,244,1920,298,0 
./dataimages/Frame2019-05-12-19h19m13s408.jpg 937,226,1464,376,0 1754,244,1920,295,0 1,2,502,682,0 
./dataimages/Frame2019-05-12-19h19m22s833.jpg 938,234,1468,376,0 1761,244,1920,291,0 1,7,502,680,0 
./dataimages/Frame2019-05-12-19h19m43s843.jpg 1,260,713,338,0 
./dataimages/Frame2019-05-12-19h22m29s833.jpg 1010,1,1920,1018,0 
./dataimages/Frame2019-05-12-19h22m34s012.jpg 1,6,1918,1080,0 
./dataimages/Frame2019-05-12-19h22m37s428.jpg 3,10,1919,1078,0 
./dataimages/Frame2019-05-12-19h22m40s074.jpg 0,7,1919,837,0 
./dataimages/Frame2019-05-12-19h22m49s221.jpg 0,7,1919,828,0 
./dataimages/Frame2019-05-12-19h22m58s903.jpg 3,5,1919,1076,0 
./dataimages/Frame2019-05-12-19h23m05s857.jpg 3,7,1758,1080,0 
./dataimages/Frame2019-05-12-19h23m07s546.jpg 0,6,1242,1080,0 
./dataimages/Frame2019-05-12-19h23m17s888.jpg 0,5,448,693,0 
./dataimages/Frame2019-05-12-19h23m22s073.jpg 1,9,450,694,0 
./dataimages/Frame2019-05-12-19h23m28s229.jpg 1,4,500,672,0 1615,230,1920,372,0 
./dataimages/Frame2019-05-12-19h23m31s604.jpg 0,2,498,673,0 1524,230,1919,380,0 
./dataimages/Frame2019-05-12-19h23m35s970.jpg 1,3,498,675,0 1220,239,1770,353,0 1745,244,1868,321,0 
./dataimages/Frame2019-05-12-19h23m40s413.jpg 1084,250,1390,338,0 1,5,502,674,0 
./dataimages/Frame2019-05-12-19h23m43s540.jpg 1048,253,1284,328,0 0,9,498,677,0 
./dataimages/Frame2019-05-12-19h24m04s774.jpg 0,4,455,684,0 
./dataimages/Frame2019-05-12-19h24m34s312.jpg 0,7,455,680,0